9.338710904121398926e-01,2.909478843212127686e-01,-1.115777269005775452e-01,2.776973880827426910e-02
1.141757488250732422e+00,-4.680230319499969482e-01,1.180452182888984680e-01,-9.714598655700683594e-01
1.619136333465576172e-01,-2.375887483358383179e-01,2.508672773838043213e-01,-8.985637426376342773e-01
-5.583737492561340332e-01,-6.352579593658447266e-01,1.017297357320785522e-01,-8.280820250511169434e-01
-3.236749172210693359e-01,8.088445067405700684e-01,-3.411625921726226807e-01,1.140086174011230469e+00
-1.328682899475097656e-02,7.637577652931213379e-01,5.668607354164123535e-01,-3.519480302929878235e-02
-1.770388931035995483e-01,1.376657485961914062e+00,-4.382098913192749023e-01,6.324046254158020020e-01
4.918740689754486084e-01,7.662553787231445312e-01,1.315045207738876343e-01,-2.759218215942382812e-02
2.056282162666320801e-01,6.685341596603393555e-01,4.287047684192657471e-01,5.639382600784301758e-01
-1.544151571579277515e-03,1.713414192199707031e-01,-1.357023000717163086e+00,6.599885225296020508e-01
-9.700991213321685791e-02,1.778525859117507935e-01,3.362769484519958496e-01,2.355201691389083862e-01
1.114110946655273438e+00,2.989106178283691406e-01,-4.936665594577789307e-01,1.034420013427734375e+00
7.463641762733459473e-01,-8.617455959320068359e-01,1.034468770027160645e+00,-5.919509530067443848e-01
2.425671070814132690e-01,2.971815764904022217e-01,1.455927252769470215e+00,-5.051208287477493286e-02
7.190634608268737793e-01,6.036801338195800781e-01,-1.111083269119262695e+00,5.456412434577941895e-01
2.640495002269744873e-01,3.380368053913116455e-01,7.590869069099426270e-01,-5.050873756408691406e-01
7.175383567810058594e-01,-1.383884191513061523e+00,4.104536473751068115e-01,4.607059359550476074e-01
5.206735134124755859e-01,4.533453881740570068e-01,-6.053152084350585938e-01,-1.014515310525894165e-01
4.267304837703704834e-01,-4.543673694133758545e-01,-1.490072488784790039e+00,3.636851310729980469e-01
-4.230619966983795166e-01,1.005027532577514648e+00,-6.644212007522583008e-01,-8.153519630432128906e-01
-1.083242177963256836e+00,-1.039628505706787109e+00,-7.423905283212661743e-02,-5.283402204513549805e-01
3.379903361201286316e-02,-9.344426393508911133e-01,-4.960722029209136963e-01,1.232870221138000488e+00
9.321317672729492188e-01,6.480096280574798584e-02,-1.261109232902526855e+00,-4.088513553142547607e-02
-3.173521757125854492e-01,-6.365470290184020996e-01,4.205541908740997314e-01,1.337770342826843262e+00
-6.003922820091247559e-01,-1.329991579055786133e+00,7.232031226158142090e-01,3.403146862983703613e-01
3.486371412873268127e-02,-1.174629211425781250e+00,5.623210668563842773e-01,7.849525213241577148e-01
-6.076629757881164551e-01,6.245809197425842285e-01,-1.312639474868774414e+00,-1.640397869050502777e-02
-6.171274185180664062e-01,5.557978153228759766e-01,6.114394664764404297e-01,-1.274695038795471191e+00
-2.280056625604629517e-01,-7.835009694099426270e-01,1.185953855514526367e+00,8.338400125503540039e-01
8.230492472648620605e-01,-2.261107563972473145e-01,-5.485698580741882324e-01,-7.649496197700500488e-02
-1.121330618858337402e+00,-3.475629687309265137e-01,1.177510261535644531e+00,-1.649537682533264160e-01
-6.467499732971191406e-01,-7.231094241142272949e-01,9.241744279861450195e-01,-9.777508378028869629e-01
5.971506237983703613e-01,2.430160790681838989e-01,-4.699792861938476562e-01,4.978625774383544922e-01
9.778472781181335449e-02,-2.054074555635452271e-01,9.047128558158874512e-01,-1.164126545190811157e-01
-7.365705966949462891e-01,1.383670121431350708e-01,-6.958273053169250488e-01,2.148017734289169312e-01
-1.012394309043884277e+00,3.548839986324310303e-01,1.073301553726196289e+00,1.480314582586288452e-01
-7.258539199829101562e-01,-1.272899627685546875e+00,-6.504603624343872070e-01,-1.044755876064300537e-01
-5.257876515388488770e-01,4.652811288833618164e-01,5.297640562057495117e-01,5.059324502944946289e-01
7.733252644538879395e-01,-1.153533980250358582e-01,-6.587914228439331055e-01,-1.214995265007019043e+00
7.079346179962158203e-01,-2.902754545211791992e-01,-1.665984988212585449e-01,5.707789063453674316e-01
1.039532065391540527e+00,5.203938484191894531e-01,9.963212013244628906e-01,4.609145522117614746e-01
-9.041060805320739746e-01,1.113020896911621094e+00,7.132225036621093750e-01,2.649612128734588623e-01
3.613209128379821777e-01,-5.489786267280578613e-01,8.371865153312683105e-01,-1.216452240943908691e+00
-2.705452144145965576e-01,3.468585312366485596e-01,-3.620961606502532959e-01,-6.458440423011779785e-01
-3.343725204467773438e-01,-7.057646661996841431e-02,1.442230939865112305e+00,3.992974162101745605e-01
4.541101157665252686e-01,-7.052324414253234863e-01,-3.802797794342041016e-01,2.255010902881622314e-01
1.474503874778747559e+00,-3.829918056726455688e-02,-2.062289565801620483e-01,-4.252943694591522217e-01
-2.631396055221557617e-01,-1.069096922874450684e+00,-9.356591701507568359e-01,-5.675792694091796875e-01
-5.209466814994812012e-01,-3.492035865783691406e-01,-4.538536071777343750e-01,6.322489976882934570e-01
6.287077665328979492e-01,-2.041491866111755371e-01,6.527265906333923340e-01,2.651015520095825195e-01
-4.733498990535736084e-01,-1.220085263252258301e+00,-7.339401245117187500e-01,6.242457628250122070e-01
7.009333968162536621e-01,4.824154675006866455e-01,-2.314773201942443848e-01,-1.262712836265563965e+00
-3.212406486272811890e-02,8.759954571723937988e-01,5.174376815557479858e-02,-5.072569847106933594e-01
-6.318808197975158691e-01,-2.095197290182113647e-01,6.767588853836059570e-01,2.766218781471252441e-01
4.117872416973114014e-01,3.788561522960662842e-01,-2.766263484954833984e-02,-5.358351469039916992e-01
7.297873497009277344e-01,2.757154405117034912e-01,2.594263255596160889e-01,5.126755833625793457e-01
1.333300590515136719e+00,-3.921545445919036865e-01,6.643749475479125977e-01,-4.469280838966369629e-01
-8.109809756278991699e-01,8.557119965553283691e-02,-1.299481391906738281e+00,5.075551271438598633e-01
-3.390385806560516357e-01,-1.673443168401718140e-01,4.069631099700927734e-01,8.055696487426757812e-01
-1.446086764335632324e+00,-4.553787708282470703e-01,-1.252571195363998413e-01,-1.301755160093307495e-01
1.081871628761291504e+00,9.125822186470031738e-01,-3.076005578041076660e-01,5.252531766891479492e-01
-1.023148417472839355e+00,-1.508385539054870605e-01,2.603935599327087402e-01,1.098640799522399902e+00
-1.602227240800857544e-01,2.936400473117828369e-01,-6.010103821754455566e-01,5.100287795066833496e-01
-7.218997478485107422e-01,-4.744149446487426758e-01,1.555985808372497559e-01,-1.986579596996307373e-01
5.688118338584899902e-01,-7.222563624382019043e-01,9.116314649581909180e-01,8.996102809906005859e-01
1.524844616651535034e-01,-6.158493161201477051e-01,-6.707687973976135254e-01,-2.799911797046661377e-01
5.922744274139404297e-01,-9.896055459976196289e-01,2.850238978862762451e-01,-9.229768514633178711e-01
-8.019683957099914551e-01,-6.207022666931152344e-01,-1.217829585075378418e+00,3.518720716238021851e-02
-4.101575314998626709e-01,-5.571221709251403809e-01,-1.152808308601379395e+00,7.712752819061279297e-01
1.516440868377685547e+00,6.685285568237304688e-01,-1.875911094248294830e-02,-1.235830634832382202e-01
-2.754591219127178192e-02,-1.204756498336791992e-01,1.022121787071228027e+00,1.192601561546325684e+00
-4.052143692970275879e-01,-3.343543410301208496e-01,-6.354454159736633301e-01,-6.065561175346374512e-01
1.499016284942626953e+00,-1.735431104898452759e-01,3.401568830013275146e-01,1.757880002260208130e-01
1.338425725698471069e-01,7.355603575706481934e-01,6.446507573127746582e-01,1.270329833030700684e+00
-1.611885279417037964e-01,2.538259625434875488e-01,-8.234670162200927734e-01,-2.489337176084518433e-01
2.091754823923110962e-01,1.261797428131103516e+00,1.810636967420578003e-01,9.517044425010681152e-01
-1.129885315895080566e+00,6.479423046112060547e-01,-1.407844275236129761e-01,9.675555825233459473e-01
-5.142799019813537598e-01,-8.546488881111145020e-01,-5.588474273681640625e-01,-1.173129677772521973e+00
6.093412637710571289e-01,-2.286346107721328735e-01,-3.555772900581359863e-01,1.296461820602416992e+00
6.614281535148620605e-01,2.479922473430633545e-01,8.188888430595397949e-01,1.093392133712768555e+00
-8.685061931610107422e-01,-7.720411419868469238e-01,6.541409492492675781e-01,8.072094321250915527e-01
3.641227185726165771e-01,-2.006582617759704590e-01,3.962869644165039062e-01,8.252070546150207520e-01
1.774609237909317017e-01,-1.313646912574768066e+00,9.225381612777709961e-01,9.499286860227584839e-02
1.118221402168273926e+00,-6.430552601814270020e-01,-9.076581001281738281e-01,2.767376303672790527e-01
-4.423788487911224365e-01,2.724587321281433105e-01,4.604867100715637207e-01,1.351430892944335938e+00
3.927340209484100342e-01,6.601090542972087860e-03,2.313704043626785278e-01,-6.357668340206146240e-02
1.423650860786437988e+00,-7.410425543785095215e-01,-2.945311069488525391e-01,-1.482713967561721802e-01
4.764763116836547852e-01,-7.332528829574584961e-01,2.288796752691268921e-01,3.933114111423492432e-01
-3.966879099607467651e-02,8.926599025726318359e-01,-1.087513327598571777e+00,8.707160353660583496e-01
-6.832488775253295898e-01,2.262028157711029053e-01,2.822977006435394287e-01,-1.130739450454711914e-01
-1.194588422775268555e+00,7.215368151664733887e-01,5.032728910446166992e-01,-6.157590150833129883e-01
-1.061557233333587646e-01,7.199358940124511719e-02,3.348255753517150879e-01,-3.689812421798706055e-01
-5.297679305076599121e-01,7.097756266593933105e-01,-4.926295280456542969e-01,-9.198163449764251709e-02
8.642141819000244141e-01,2.571477293968200684e-01,3.614324629306793213e-01,-3.651969134807586670e-01
-2.589874863624572754e-01,-2.758750319480895996e-01,-8.204278945922851562e-01,7.742129266262054443e-02
7.871478796005249023e-01,7.418542504310607910e-01,1.174499511718750000e+00,-3.317172825336456299e-01
-4.062080085277557373e-01,-1.988776773214340210e-01,5.911062359809875488e-01,-1.397463798522949219e+00
-7.117150425910949707e-01,1.662952750921249390e-01,-2.747509181499481201e-01,1.516244530677795410e+00
9.167358875274658203e-01,-3.777649402618408203e-01,1.365768313407897949e-01,-3.538175672292709351e-02
-4.414651393890380859e-01,5.487811565399169922e-01,1.121090292930603027e+00,9.284145832061767578e-01
1.516557484865188599e-01,1.063392639160156250e+00,-6.365947425365447998e-02,-1.201652765274047852e+00
1.304858803749084473e+00,4.137747883796691895e-01,2.297225445508956909e-01,-8.827320337295532227e-01
6.967283487319946289e-01,-1.190822646021842957e-01,-1.818173080682754517e-01,-6.488485932350158691e-01
-4.147513508796691895e-01,-1.387472152709960938e+00,-1.053739041090011597e-01,-7.499143481254577637e-01
1.022066175937652588e-01,3.222459256649017334e-01,5.766169726848602295e-02,9.530038237571716309e-01
5.143022537231445312e-01,-8.724755048751831055e-01,1.874703317880630493e-01,1.224462151527404785e+00
-1.251389741897583008e+00,-4.833032786846160889e-01,4.723792374134063721e-01,-8.052251935005187988e-01
-5.273048877716064453e-01,-7.630585432052612305e-01,1.175110697746276855e+00,9.254933893680572510e-02
1.176888942718505859e+00,-2.195616960525512695e-01,8.310776948928833008e-01,6.745679378509521484e-01
-6.496237218379974365e-02,-1.906321495771408081e-01,-8.774589896202087402e-01,-1.358763456344604492e+00
-4.100307226181030273e-01,1.499729394912719727e+00,-2.374753803014755249e-01,-2.773679196834564209e-01
-5.895025134086608887e-01,1.183589696884155273e+00,1.345046460628509521e-01,-9.219665527343750000e-01
4.210329353809356689e-01,-6.336165666580200195e-01,-3.097495436668395996e-02,-3.302856385707855225e-01
7.928058505058288574e-01,8.535016179084777832e-01,-1.117942929267883301e+00,-2.513051927089691162e-01
1.398265600204467773e+00,3.826369345188140869e-01,7.365711331367492676e-01,-1.418894529342651367e-01
3.335494697093963623e-01,7.498922944068908691e-01,-2.481482923030853271e-01,5.010544061660766602e-01
-1.257116794586181641e+00,7.265703678131103516e-01,-6.865898370742797852e-01,1.921237111091613770e-01
1.109035849571228027e+00,4.374476373195648193e-01,-5.879777669906616211e-01,-6.542460918426513672e-01
2.283196151256561279e-02,1.004099965095520020e+00,-1.161101341247558594e+00,-4.074058532714843750e-01
-1.102911233901977539e+00,-6.969559192657470703e-01,-8.433483242988586426e-01,-5.525166392326354980e-01
1.214277818799018860e-01,1.345291435718536377e-01,4.421416670083999634e-02,-1.663195133209228516e+00
-1.139435410499572754e+00,1.141134262084960938e+00,-1.488828808069229126e-01,-3.074627816677093506e-01
4.731779396533966064e-01,-7.926046848297119141e-02,1.355278015136718750e+00,6.070241332054138184e-01
-1.521295905113220215e-01,-1.327851116657257080e-01,8.857327103614807129e-01,-8.072633743286132812e-01
-8.489621281623840332e-01,4.995339736342430115e-02,-1.098413467407226562e+00,-4.138498902320861816e-01
-1.517554819583892822e-01,4.548153877258300781e-01,1.320454478263854980e+00,-7.868953347206115723e-01
-3.317436873912811279e-01,-1.565827369689941406e+00,4.027926176786422729e-02,7.950942218303680420e-02
9.315831661224365234e-01,1.622379720211029053e-01,9.974582195281982422e-01,-8.516234755516052246e-01
3.547606468200683594e-01,-1.336407899856567383e+00,1.127972602844238281e-01,-1.743908226490020752e-01
1.175318509340286255e-01,-2.583722770214080811e-02,-9.982504695653915405e-02,5.010071396827697754e-01
-4.138940274715423584e-01,-4.492274820804595947e-01,-1.305980086326599121e+00,-7.816020846366882324e-01
-2.875258587300777435e-02,-5.213313102722167969e-01,7.374359965324401855e-01,4.232815206050872803e-01
2.512861192226409912e-01,4.179023802280426025e-01,-1.529307126998901367e+00,-7.873179018497467041e-02
8.682363629341125488e-01,1.039721488952636719e+00,-7.646106928586959839e-02,-7.612388134002685547e-01
-5.476482510566711426e-01,1.257277369499206543e+00,-8.992353081703186035e-01,1.081182360649108887e-01
-2.774269506335258484e-02,1.053960323333740234e+00,7.361198663711547852e-01,-9.994210004806518555e-01
2.304995208978652954e-01,3.254303336143493652e-01,8.823447227478027344e-01,-1.306579232215881348e+00
7.280651330947875977e-01,2.799277566373348236e-02,3.592949509620666504e-01,-1.237897872924804688e+00
-8.941237330436706543e-01,1.138154044747352600e-01,9.529603123664855957e-01,-7.801366448402404785e-01
-5.132133364677429199e-01,1.793252080678939819e-01,-1.327619403600692749e-01,7.989197969436645508e-01
-7.318779230117797852e-01,-5.530889034271240234e-01,-4.419224262237548828e-01,-4.114995151758193970e-02
8.904718607664108276e-02,1.036359190940856934e+00,1.117527842521667480e+00,-3.183461129665374756e-01
5.211412310600280762e-01,1.006404638290405273e+00,-4.938232302665710449e-01,1.083035707473754883e+00
-1.236463665962219238e+00,1.481680013239383698e-02,4.649654626846313477e-01,-2.903207540512084961e-01
-1.408808529376983643e-01,-9.159768819808959961e-01,2.736242413520812988e-01,-1.317228198051452637e+00
4.102578386664390564e-02,1.637322902679443359e-01,8.438172936439514160e-01,5.355036854743957520e-01
-3.655085265636444092e-01,-4.377378895878791809e-02,-1.824045777320861816e-01,1.272164136171340942e-01
8.013609796762466431e-02,9.857202172279357910e-01,-4.116589128971099854e-01,-5.726870149374008179e-02
-2.835723161697387695e-01,-1.192245930433273315e-01,-1.523791432380676270e+00,-3.918050602078437805e-02
8.416845202445983887e-01,-1.630347520112991333e-01,-9.806037545204162598e-01,7.656599283218383789e-01
1.098280787467956543e+00,-2.168593406677246094e-01,2.056554704904556274e-01,1.111794829368591309e+00
1.328579187393188477e+00,3.886338770389556885e-01,-7.443619966506958008e-01,1.454030722379684448e-01
-3.421031683683395386e-02,-4.048868417739868164e-01,1.942368149757385254e-01,8.292096853256225586e-02
4.161227345466613770e-01,-7.513090968132019043e-01,6.208837032318115234e-01,-1.090082004666328430e-01
-1.111422657966613770e+00,5.014119148254394531e-01,6.464918255805969238e-01,8.462597727775573730e-01
9.227222800254821777e-01,1.063710808753967285e+00,-4.367334246635437012e-01,-1.479498147964477539e-01
-4.272416830062866211e-01,1.148015484213829041e-01,-8.986728787422180176e-01,1.150174498558044434e+00
-1.430565714836120605e-01,1.396562099456787109e+00,2.155888229608535767e-01,2.414923161268234253e-01
1.010632038116455078e+00,-8.200883269309997559e-01,9.186708927154541016e-01,2.029607892036437988e-01
8.829099535942077637e-01,-8.539052009582519531e-01,-4.401504695415496826e-01,9.138205647468566895e-01
2.453374564647674561e-01,-1.354439377784729004e+00,-1.812965124845504761e-01,6.253287196159362793e-01
5.894857048988342285e-01,-2.612798213958740234e-01,5.907408595085144043e-01,-5.425881743431091309e-01
-6.012868881225585938e-01,1.113170851022005081e-02,2.176603376865386963e-01,-7.896283864974975586e-01
9.589524939656257629e-03,4.143252968788146973e-01,2.320850938558578491e-01,-9.887393712997436523e-01
3.247753977775573730e-01,-4.608923196792602539e-02,-7.364295125007629395e-01,-5.718860030174255371e-01
8.645082712173461914e-01,1.005599021911621094e+00,4.509865939617156982e-01,6.809014081954956055e-01
-4.316840469837188721e-01,1.414033293724060059e+00,6.207044720649719238e-01,-3.280064761638641357e-01
8.676801323890686035e-01,-1.269491314888000488e+00,-3.688903748989105225e-01,9.835028648376464844e-02
-7.149740457534790039e-01,7.267300486564636230e-01,-8.084195852279663086e-01,6.942115426063537598e-01
4.745702147483825684e-01,-5.663669705390930176e-01,-1.327952742576599121e-01,-1.427191615104675293e+00
-7.969446480274200439e-02,-8.354538679122924805e-01,1.201300859451293945e+00,-5.522046685218811035e-01
4.349021315574645996e-01,1.284135937690734863e+00,-8.512775897979736328e-01,3.072749674320220947e-01
1.417885273694992065e-01,4.308397173881530762e-01,-2.079183012247085571e-01,1.624513626098632812e+00
-3.780347853899002075e-02,-6.562896966934204102e-01,4.510135650634765625e-01,-5.295267105102539062e-01
-3.821938335895538330e-01,5.642280578613281250e-01,5.628688335418701172e-01,-5.839315056800842285e-01
3.699208199977874756e-01,-9.807135462760925293e-01,-9.373859167098999023e-01,6.155629158020019531e-01
-7.564420700073242188e-01,8.268207311630249023e-01,1.084877729415893555e+00,-4.423127472400665283e-01
-1.550902605056762695e+00,1.464570164680480957e-01,-1.532443016767501831e-01,4.176476001739501953e-01
2.974410951137542725e-01,-6.533943414688110352e-01,1.412224173545837402e+00,1.254785507917404175e-01
3.101106286048889160e-01,-1.236275061964988708e-01,3.886009752750396729e-01,1.545909166336059570e+00
3.243276774883270264e-01,-6.370618939399719238e-02,-9.314462542533874512e-01,1.804384440183639526e-01
3.246097862720489502e-01,1.425188779830932617e+00,3.353644907474517822e-01,-4.779610335826873779e-01
-5.731138586997985840e-01,8.328469991683959961e-01,2.313056439161300659e-01,-7.415360212326049805e-02
3.887525498867034912e-01,-1.753613054752349854e-01,1.402029514312744141e+00,-6.736456751823425293e-01
-1.134943723678588867e+00,-3.267301619052886963e-01,-3.113670051097869873e-01,-8.858119845390319824e-01
1.048000335693359375e+00,1.058387279510498047e+00,4.592593908309936523e-01,-1.418826133012771606e-01
1.394650697708129883e+00,-1.777940094470977783e-01,-3.621594011783599854e-01,4.919672608375549316e-01
1.838029921054840088e-02,6.545323133468627930e-01,-9.428312778472900391e-01,2.147431969642639160e-01
6.201524138450622559e-01,7.839360237121582031e-01,5.692305564880371094e-01,-8.081880211830139160e-01
-4.903936684131622314e-01,5.964368581771850586e-01,-1.925517469644546509e-01,-1.356269359588623047e+00
-9.098625928163528442e-02,-8.826487660408020020e-01,-1.242340326309204102e+00,8.713084459304809570e-02
-1.052453756332397461e+00,6.875092983245849609e-01,-8.079678416252136230e-01,-5.950782299041748047e-01
-3.770574331283569336e-01,7.044201493263244629e-01,1.390774130821228027e+00,1.961598396301269531e-01
1.457062661647796631e-01,-3.325185775756835938e-01,-6.451040506362915039e-01,6.467038989067077637e-01
5.331687629222869873e-03,-6.270402073860168457e-01,-1.827410794794559479e-02,7.511639595031738281e-01
5.808354020118713379e-01,1.490494608879089355e+00,-4.782700166106224060e-02,2.511535286903381348e-01
-9.301979541778564453e-01,-1.192414909601211548e-01,4.584407061338424683e-02,3.575959205627441406e-01
7.478200793266296387e-01,5.159985423088073730e-01,1.100528314709663391e-01,1.203100085258483887e+00
-1.403272390365600586e+00,-7.221453636884689331e-02,-8.397521972656250000e-01,9.555734577588737011e-04
-1.192306756973266602e+00,2.734828889369964600e-01,8.006507158279418945e-02,-1.145253777503967285e+00
-8.489467501640319824e-01,3.686335310339927673e-02,-3.282786905765533447e-01,-3.322736918926239014e-01
-5.507425069808959961e-01,-2.495619058609008789e-01,-1.466387510299682617e-01,-1.423181295394897461e+00
-1.618241667747497559e-01,-2.182175964117050171e-01,-1.556688398122787476e-01,-4.140658080577850342e-01
6.409575343132019043e-01,-9.808029532432556152e-01,-1.059709429740905762e+00,-2.312840968370437622e-01
-8.471220135688781738e-01,4.982192218303680420e-01,-1.135844886302947998e-01,2.885366380214691162e-01
-5.482252240180969238e-01,-6.614065766334533691e-01,1.093192547559738159e-01,4.366345703601837158e-01
-9.930121898651123047e-01,-1.166446089744567871e+00,-4.466754943132400513e-02,2.431038022041320801e-01
-1.489835500717163086e+00,3.237541317939758301e-01,-2.144902497529983521e-01,-4.211930930614471436e-01
9.166976213455200195e-01,-1.054145395755767822e-01,1.217402577400207520e+00,-8.934544771909713745e-02
-1.432563424110412598e+00,-1.187063530087471008e-01,6.261732578277587891e-01,4.176242351531982422e-01
3.203301429748535156e-01,-3.284162580966949463e-01,-1.381898522377014160e+00,-4.534342288970947266e-01
3.267612457275390625e-01,6.844387650489807129e-01,-5.751903653144836426e-01,-6.585165858268737793e-01
5.904823541641235352e-01,3.383455276489257812e-01,-1.207923531532287598e+00,-8.317605853080749512e-01
-1.346326470375061035e-01,-2.411739528179168701e-01,-2.505079805850982666e-01,1.289109706878662109e+00
1.369386553764343262e+00,4.148772060871124268e-01,2.378374189138412476e-01,6.462405920028686523e-01
8.225021511316299438e-02,-6.697890758514404297e-01,-2.659642696380615234e-01,-8.421317338943481445e-01
-2.557330727577209473e-01,7.375900745391845703e-01,-5.491185933351516724e-02,4.570166766643524170e-01
5.160264372825622559e-01,4.343577027320861816e-01,7.260187268257141113e-01,6.787030398845672607e-02
8.784861564636230469e-01,-8.436198830604553223e-01,-4.209476709365844727e-01,-6.718425750732421875e-01
-1.803286373615264893e-01,-9.433141946792602539e-01,3.577282726764678955e-01,1.006010696291923523e-01
-7.529591321945190430e-01,5.825417637825012207e-01,-8.282962441444396973e-02,-6.072127819061279297e-01
7.766225188970565796e-02,5.834770202636718750e-01,-7.656667828559875488e-01,-1.301598906517028809e+00
7.879515737295150757e-02,1.192206982523202896e-02,-3.145951032638549805e-01,-1.022823452949523926e+00
1.139448434114456177e-01,-1.432946443557739258e+00,-6.797850131988525391e-01,3.631634870544075966e-03
3.783912360668182373e-01,-7.270629405975341797e-01,-9.526188969612121582e-01,-9.897828698158264160e-01
-8.600164651870727539e-01,1.238983988761901855e+00,-1.418109387159347534e-01,4.619979262351989746e-01
-1.571596413850784302e-01,-8.223924040794372559e-01,-3.916893005371093750e-01,2.698123753070831299e-01
4.557977616786956787e-01,1.292086005210876465e+00,7.746484279632568359e-01,1.861936300992965698e-01
-2.074587047100067139e-01,1.164583683013916016e+00,8.400834798812866211e-01,5.526434183120727539e-01
-1.363602757453918457e+00,6.702985763549804688e-01,3.315730690956115723e-01,1.583147943019866943e-01
-4.226909875869750977e-01,-1.496006101369857788e-01,1.505239367485046387e+00,-3.647941350936889648e-01
1.199054837226867676e+00,-8.000326752662658691e-01,1.829014420509338379e-01,5.484079718589782715e-01
-2.660406008362770081e-02,4.226785898208618164e-01,-1.393503099679946899e-01,-4.196680337190628052e-02
-1.206347107887268066e+00,-7.773311734199523926e-01,5.727253556251525879e-01,4.427569359540939331e-02
2.291113138198852539e-01,-3.797933459281921387e-01,-1.056420087814331055e+00,1.245638728141784668e+00
-3.499341607093811035e-01,2.576690018177032471e-01,9.138111472129821777e-01,-8.514393121004104614e-02
-2.247150391340255737e-01,3.354139029979705811e-01,-1.243912696838378906e+00,-8.051758408546447754e-01
2.759626209735870361e-01,3.114327192306518555e-01,-7.225159406661987305e-01,1.059511303901672363e+00
-1.143420934677124023e+00,-7.218095660209655762e-01,-7.204284071922302246e-01,4.699358940124511719e-01
3.247568309307098389e-01,7.454671263694763184e-01,1.222923636436462402e+00,6.045795679092407227e-01
3.318280279636383057e-01,1.435922384262084961e+00,-5.144829750061035156e-01,-5.728797316551208496e-01
-7.789393067359924316e-01,-6.684311032295227051e-01,-3.429645597934722900e-01,1.174818754196166992e+00
-7.611237168312072754e-01,1.702785491943359375e-01,-7.514486312866210938e-01,-1.092518925666809082e+00
-5.149264335632324219e-01,-1.247765541076660156e+00,2.643284760415554047e-02,8.801265954971313477e-01
1.731290668249130249e-02,-1.389631509780883789e+00,5.926498174667358398e-01,-6.565769314765930176e-01
-5.269485116004943848e-01,-3.636826574802398682e-01,7.070683240890502930e-01,-3.324508666992187500e-01
-1.135336399078369141e+00,-6.680088583379983902e-03,-6.299546360969543457e-01,8.684318661689758301e-01
1.056545495986938477e+00,-1.100249528884887695e+00,3.239732086658477783e-01,-2.942068576812744141e-01
1.119753122329711914e+00,-3.287501931190490723e-01,-9.395672678947448730e-01,-6.066973805427551270e-01
-8.187010288238525391e-01,-1.379432529211044312e-01,1.065081954002380371e+00,8.256236910820007324e-01
2.566905319690704346e-01,-9.606133401393890381e-02,-3.406331539154052734e-01,-4.613423720002174377e-02
-6.844742894172668457e-01,-1.131506681442260742e+00,5.727030038833618164e-01,-3.932251036167144775e-01
-1.369547247886657715e+00,-6.414196491241455078e-01,1.255557406693696976e-02,6.713536381721496582e-01
3.034404218196868896e-01,-1.357801437377929688e+00,-4.072042703628540039e-01,-7.487891912460327148e-01
-5.606149435043334961e-01,1.030169248580932617e+00,3.420080244541168213e-01,9.914182424545288086e-01
-2.426699846982955933e-01,-9.079843759536743164e-01,-1.711456328630447388e-01,-3.018318712711334229e-01
